--contingency
label
G_1_1
--bus section
i, v, theta, b
1,1.03512716293,-0.0851878523827,-15.0000009537
2,1.04499995708,-0.0870733633637,0.0
3,1.00999999046,-0.136520341039,0.0
4,1.01781439781,-0.101000770926,0.0
5,1.02095317841,-0.0870984792709,0.0
6,1.0427646637,-0.0117955114692,-25.0
7,1.01956498623,-0.0616945698857,0.0
8,1.01356387138,0.0167003758252,-25.0
9,1.0149384737,-0.0892453715205,0.0
10,1.01105451584,-0.0808024480939,0.0
11,1.02189409733,-0.0488777346909,0.0
12,1.02693331242,-0.0321063138545,0.0
13,1.01960277557,-0.0379577837884,0.0
14,0.997700810432,-0.085656799376,0.0
--generator section
i, uid, p, q
1,1 ,0.0,0.0
2,1 ,69.6631698608,57.7709922791
3,1 ,45.8490562439,9.32531929016
6,1 ,100.0,24.0
8,1 ,45.8490562439,24.0
--delta section
delta
175.63209343
--contingency
label
L_2_4_BL
--bus section
i, v, theta, b
1,1.05594372749,-0.021573510021,-15.0000009537
2,1.04499995708,-0.0870733633637,0.0
3,1.00999999046,-0.235028579831,0.0
4,0.99239897728,-0.194110274315,0.0
5,1.00172412395,-0.154450520873,0.0
6,1.02410626411,-0.172644779086,-25.0
7,1.00108134747,-0.227430358529,0.0
8,0.999364793301,-0.227430343628,-25.0
9,0.995432376862,-0.245295286179,0.0
10,0.991676330566,-0.237875506282,0.0
11,1.00293385983,-0.207883194089,0.0
12,1.0079061985,-0.193175762892,0.0
13,1.00058722496,-0.198680192232,0.0
14,0.978138744831,-0.244432762265,0.0
--generator section
i, uid, p, q
1,1 ,183.396240234,10.0
2,1 ,31.4920310974,45.8758430481
3,1 ,0.0,39.9621086121
6,1 ,55.5817527771,24.0
8,1 ,0.0,24.0
--delta section
delta
1.34459495544
